accepted_hits.2 <- c(0.0,0.036184331379,0.0815383351955,0.140687909129,0.204992317185,0.276394414777,0.344880068119,0.411158127684,0.47212737265,0.530751792117,0.574849639416,0.618877790288,0.669011131978,0.703765335915,0.743747852378,0.764192677661,0.793894160844,0.816744323253,0.836849310924,0.853595363081,0.875312553353,0.889033564502,0.902315866364,0.922993553351,0.934389189166,0.937135444469,0.943804149801,0.947071777594,0.949435512977,0.96470335256,0.968519907244,0.973162553677,0.970483293388,0.979066759451,0.981106865692,0.98988051115,0.987159108837,0.994072562084,0.993849425464,0.996772353103,0.996745879266,0.998928079772,0.998607692324,1.0,0.998091182376,0.997410966868,0.99613427962,0.989697355426,0.985381039547,0.978926286034,0.975774818951,0.969159601574,0.962240205221,0.94930422436,0.949416603093,0.930018845049,0.92371969286,0.907707344166,0.894079801868,0.893393643254,0.887023714074,0.882658232499,0.872337218324,0.860125756125,0.845360919431,0.83289390367,0.822059080958,0.817412652549,0.808905906583,0.799428813475,0.791422909269,0.779186594082,0.764238601663,0.752756520668,0.745759323653,0.73702565909,0.730133817138,0.716983884457,0.709312415041,0.69993257276,0.688061488456,0.673860166277,0.660248292167,0.642170443961,0.625131018475,0.598964062578,0.571236230904,0.546633392476,0.521686394177,0.494713877261,0.462907994234,0.424781347724,0.388071321596,0.350192664694,0.300822741998,0.248335930291,0.18532117626,0.122025475394,0.057563845168,0.0126982566168)
accepted_hits <- c(0.0,0.0452556901605,0.0972890103388,0.162732947911,0.228364546841,0.304286347543,0.374882555786,0.439549039155,0.497634282301,0.559323745771,0.601625484038,0.643801906914,0.693219190338,0.722400843416,0.761031027717,0.780408154104,0.808910236148,0.830651521584,0.848716888837,0.86303962772,0.884127527428,0.896905956721,0.909381384617,0.929258525655,0.941863009702,0.942468389036,0.946110016939,0.948961097987,0.95035078958,0.963753925458,0.966286418617,0.970754754036,0.97152909094,0.98031176724,0.981809317355,0.990636259292,0.987017699396,0.994339609702,0.996069710272,0.998352819565,0.997716267247,0.999648992209,0.999784906416,1.0,0.997271740506,0.996854022531,0.994459313957,0.987548263571,0.98580195305,0.980406533109,0.977350957291,0.969374414338,0.961435902424,0.947999099724,0.94564429257,0.927746635968,0.919563727865,0.902815730885,0.890255512474,0.889583422956,0.883752204709,0.880173546232,0.869176964662,0.855532549894,0.840695456787,0.827938848582,0.815763928245,0.811429013194,0.802526009179,0.795537026334,0.785740604619,0.772365524426,0.755528372714,0.743397718013,0.735421175059,0.724804280425,0.718570930694,0.704523137523,0.695676244877,0.686316244927,0.675122026643,0.66087347946,0.647245898103,0.629903744062,0.612557849264,0.586033381277,0.556621048123,0.531561710349,0.506342143442,0.478603799488,0.446680794263,0.407992004753,0.370709740248,0.331741640809,0.282226474217,0.230318469431,0.168417653136,0.107832336733,0.0448223856933,0.00119953639539)
accepted_hits.1 <- c(0.0,0.0425176092771,0.0937197261083,0.156582793591,0.221250106101,0.295495630739,0.3658576793,0.43196305647,0.491223947354,0.547312678048,0.589699107769,0.631887715911,0.680809974136,0.714685165556,0.754126719452,0.772126378525,0.802334855811,0.82375219831,0.842704487533,0.857903778743,0.880932455155,0.894308560974,0.907361277619,0.925466160936,0.937150260921,0.939059730191,0.9440789266,0.949148630647,0.950543904114,0.965224790551,0.969595104126,0.973790043963,0.974119746592,0.983044165421,0.985490979827,0.993358947252,0.989716083946,0.995126714541,0.994221084553,0.997887097193,0.996707884172,0.999225549569,0.998103859134,0.999631013653,0.999216430134,1.0,0.996354330714,0.989072813072,0.986469565291,0.982448596203,0.978216477134,0.970308524497,0.963100663825,0.948802092139,0.94885470426,0.930377327122,0.922436404221,0.907224486102,0.89366248412,0.890994698803,0.886298891568,0.880448423636,0.868777652054,0.855465382276,0.841072810266,0.828873111488,0.818519045939,0.812743637967,0.804216265283,0.795124890654,0.787161519915,0.773302785566,0.757695224292,0.746483931907,0.739925655565,0.729124737729,0.721567532569,0.707042378012,0.698120765163,0.688773344875,0.677484888045,0.662455358615,0.649077148311,0.631740401971,0.614512387349,0.588120744118,0.560548484876,0.535080710502,0.509295158913,0.479903221756,0.448846637068,0.409960667178,0.37247067225,0.333613463652,0.283885889219,0.231423887447,0.169679002923,0.109721527547,0.0473958052005,0.00398098387474)
accepted_hits.8 <- c(0.0,0.0372386264572,0.0910642783455,0.156016056472,0.222359661985,0.287761560885,0.3579424335,0.428339623867,0.479504017865,0.531606121842,0.568730344685,0.603727359699,0.653161211679,0.686878305028,0.72742864137,0.753430235027,0.786217611662,0.810986244089,0.829199399506,0.850258157502,0.863181769359,0.876967155172,0.889173871014,0.910053280112,0.920110307066,0.919604233433,0.930427614735,0.937617557208,0.940809867686,0.954264532132,0.959630011715,0.96694185149,0.971903171578,0.975001561185,0.979025171293,0.989201098075,0.985027114656,0.989348473911,0.994718949285,0.99888394028,0.995612196724,1.0,0.995733094868,0.995672146217,0.993621373992,0.998644641889,0.999643300519,0.993942603357,0.992325465795,0.987874715552,0.985720030874,0.982676594969,0.978652485281,0.96711470586,0.969064063526,0.951041247749,0.9453330569,0.935322490801,0.919123138756,0.918382262943,0.911825786775,0.911231787219,0.903069663808,0.894868573227,0.879548979984,0.866849679145,0.856206146322,0.854691422477,0.845696001119,0.834421499886,0.826509166028,0.813793878657,0.800276766824,0.787806273215,0.780930565998,0.767329524875,0.758102298813,0.740623025101,0.727142382543,0.710989990933,0.697736157287,0.680703507295,0.662064210902,0.637771677362,0.615209186261,0.587897696191,0.556977746249,0.530782815478,0.504920104812,0.476081900998,0.443619250781,0.406586450915,0.364283091495,0.322129605807,0.271769534167,0.219758853166,0.160102613548,0.104179728579,0.0480909833465,0.00832598535734)
accepted_hits.5 <- c(0.0,0.0379518040452,0.0921697575287,0.158162171748,0.224938532159,0.292263361291,0.361688696435,0.42881386886,0.484120538627,0.538760120099,0.577289754146,0.610177324518,0.659402685853,0.692987293025,0.733254527656,0.758299699986,0.790573032368,0.812864116581,0.831681174075,0.852205296423,0.868415072202,0.881428578979,0.892541236451,0.910266641533,0.921056912145,0.921851428397,0.930296319916,0.936843885484,0.938526286861,0.952555693945,0.955379661911,0.962769896231,0.966646759718,0.971151367384,0.975086366207,0.986648838497,0.981972173727,0.987064007004,0.992825277479,0.996025069836,0.992882825589,0.996826632795,0.993060167723,0.993627427664,0.991747131256,0.996941729015,1.0,0.994104254861,0.991882780372,0.988502122527,0.986556644076,0.984603531692,0.98148477647,0.969123677348,0.970399718601,0.952055377724,0.94716378838,0.937114009265,0.920540740832,0.922322970563,0.914317323801,0.913846956087,0.905165999872,0.894882504964,0.881972349895,0.869289451138,0.860523347209,0.859017113516,0.85029622596,0.83846069376,0.831304175233,0.818873783489,0.804742786374,0.793237862193,0.78680480562,0.773165316341,0.763073256982,0.746751321111,0.735926991414,0.72128745692,0.708941038438,0.691684826619,0.673247704095,0.6487650939,0.626822234476,0.600029478726,0.571284785043,0.545726964754,0.519619501293,0.490272314133,0.45744111742,0.418253790688,0.374214218729,0.333901767725,0.283683407882,0.232537231572,0.171914995569,0.113387393323,0.0540318029647,0.0116012291806)
